type	Epi	Fib	B	NK	CD4T	CD8T	Mono	Neutro	Eosino
Control	0.49670596609754	0.0137004559360634	0.0400857134438467	0.076727565264288	0.0646563194382807	0	0.109055470996722	0.199068508823258	0
Control	0.719611152270499	0	0.0259671588073631	0.0515769583568838	0.0413334566919152	0	0.0848665247369634	0.0759822534075425	0.000662495728833295
Control	0.720507467479853	0	0.0314841419607871	0.0587909955907274	0.0430379422851763	0	0.0852754396859574	0.0521940747684684	0.00870993822903019
Control	0.661367501818199	0	0.0300971016902307	0.0622409428300483	0.0432373622662036	0	0.0738792467854116	0.129177844609906	0
Control	0.710736873141777	0	0.0338695996279614	0.0550734539780549	0.0418530727491113	0	0.0728500959889649	0.0756016773164323	0.0100152271976984
BRCA2	0.820951373287776	0	0.0168723949425579	0.0413940925172885	0.0333723026755481	0	0.0596621783168826	0.0209324934990819	0.00681516476086544
Control	0.786133916964565	0	0.0291250495484405	0.0401561988145001	0.0240633238085493	0	0.0684036051870355	0.0445356367956066	0.0075822688813029
Control	0.260214217424409	0.0253575635316298	0.0293801284610877	0.0611647947538133	0.0419417527774631	0	0.0539365230593434	0.528005019992253	0
Control	0.606115892486962	0	0.0424608523324504	0.0689279658233711	0.0515771009942263	0	0.0795539733675654	0.147774571792286	0.00358964320313931
Control	0.245144995538005	0.0434528473450924	0.0253734683336713	0.0402289681468535	0.0235260300300597	0	0.0767744452163758	0.545499245389943	0
BRCA2	0.968335275115679	0	0.00490999349949557	0.00725627283556214	0.00478977719461455	0	0.0104024567001765	0.00306415751110378	0.00124206714336802
Control	0.64781941493319	0	0.034243858140072	0.0726118548783191	0.053808290055381	0	0.0767412559088275	0.0998373292191306	0.0149379968650794
Control	0.746174678759538	0	0.0118066003119667	0.0526675965505004	0.03924323199871	0	0.094589992022041	0.0445374889133865	0.0109804114438575
BRCA2	0.806062880263133	0	0.0279785900684722	0.0388470164425829	0.0260589407657635	0	0.051600911637848	0.0403761287718535	0.00907553205034647
Control	0.576735734811613	0.01452314940733	0.0387494187113839	0.0662031778943825	0.0509039128896377	0	0.0835858248724841	0.169298781413169	0
BRCA2	0.746394102842866	0.01764388522267	0.0267239429368795	0.0515156397156614	0.0381077043207379	0	0.0640888545335819	0.0555258704276035	0
Control	0.806638568087113	0	0.0231538994259344	0.0379783825849395	0.0298600157324679	0	0.0572121166017826	0.0338973406935147	0.0112596768742477
BRCA2	0.620059226436923	0.0154035024839823	0.0501536278548314	0.0640195902478733	0.0618629955834056	0	0.0967871878882701	0.0917138695047144	0
Control	0.398198348701897	0.0216847193665917	0.0344500527946293	0.0544958126140553	0.0414748437131742	0	0.110985651598813	0.33871057121084	0
BRCA2	0.61017457739125	0	0.0407974071585307	0.0680201083263625	0.0412269722700239	0	0.0800002964051167	0.145290815915814	0.0144898225329016
Control	0.853184083775484	0	0.0197973029428408	0.0307138186954423	0.0199942442379489	0	0.0498419276974166	0.0183487149698432	0.0081199076810243
Control	0.53382350989056	0	0.029944231947272	0.0623506290694152	0.0404991604285912	0	0.090252400286028	0.243130068378134	0
BRCA2	0.350602122192737	0.0309657198734648	0.0329213370818128	0.0697334094570311	0.0482307067235073	0	0.111146593878663	0.356400110792784	0
Control	0.342820968690905	0.0210307590565211	0.0281599514413264	0.05743138182049	0.0379876384938317	0	0.0935283300999188	0.419040970397008	0
Control	0.849166888952098	0	0.0219461826347988	0.0320225574063253	0.0199910492405819	0	0.0515691294460673	0.0192518990007816	0.00605229331934707
Control	0.248321749998777	0.0235399758243102	0.0188721779366386	0.0450474507389795	0.0350400252808921	0	0.0700658966226564	0.559112723597746	0
Control	0.50148941825232	0.000696040252503413	0.040242623686923	0.0716331910555495	0.050759153655898	0	0.0797420652959799	0.255437507800827	0
BRCA2	0.820059025685698	0	0.0265574902492795	0.0328361367150974	0.0206313032949653	0	0.0558949250901334	0.037906173310604	0.00611494565422228
Control	0.979953366402173	0	0.00235168812351545	0.00525851567356258	0.00378475611068076	0	0.00744209154612477	0.00120958214394315	0
BRCA2	0.990339123577661	0	0.00126191819116876	0.00248984332374529	0.00171555305226411	0	0.00382004730686401	0	0.000373514548296639
Control	0.389982616004959	0.022990821837819	0.0330791070826249	0.0598011503990567	0.0329569694631181	0	0.121074594703133	0.34011474050929	0
BRCA2	0.274261299399691	0.0289238651649848	0.0355645757594437	0.0645921431090139	0.0388435398192304	0	0.0985937362611492	0.459220840486487	0
BRCA2	0.976488219073632	0	0.00434730431693362	0.00491060836502318	0.0037499635579957	0	0.00735572337479596	0.00158935003324931	0.0015588312783702
Control	0.698198396545165	0	0.0356195534468219	0.0640394525469306	0.0459333602874665	0	0.0723004646132727	0.0839087725603431	0
Control	0.771342819112933	0	0.0343602268952273	0.046231946635366	0.0319986289344484	0	0.0593524698132104	0.0501023034119734	0.00661160519684118
Control	0.870799865823855	0	0.013526490166422	0.0316643629442525	0.023005034149853	0	0.042889666375992	0.0150105736731951	0.0031040068664307
Control	0.575670029116832	0	0.0347160892256203	0.0587893240781186	0.0390276299425787	0	0.0679567870983934	0.223840140538457	0
Control	0.656198924239027	0	0.0402893868308443	0.0581405783202165	0.0392086962788127	0	0.0716697218487837	0.133504393405224	0.000988299077092183
BRCA2	0.547615030905551	0	0.0394110999593959	0.0557186687910661	0.0346730384864109	0	0.0779585656265019	0.244623596231074	0
Control	0.33729322677339	0.0363097327000286	0.0437993014976727	0.0581766420491966	0.037639452637467	0	0.0685745034969247	0.41820714084532	0
Control	0.914925160604099	0	0.0124169272525571	0.0210504585623507	0.0150581290406592	0	0.0239755170123121	0.00855620536034536	0.00401760216767625
BRCA2	0.898719502048194	0	0.0160537111808529	0.0199572785256013	0.0118402223436756	0	0.0313855536439778	0.0160731685404323	0.00597056371726589
Control	0.753129446548081	0	0.0296328048976135	0.0479518001754857	0.0320522023472446	0	0.0687670102725605	0.0549889391419888	0.0134777966170257
BRCA2	0.206939885324108	0.0307206111674929	0.0045139987038469	0.0224019953900422	0.0216761737069345	0	0.0363430321608291	0.677404303546746	0
Control	0.922429503659877	0	0.0103792553942203	0.0196399920386875	0.0127051814212634	0	0.0268057339888864	0.00392254445590886	0.00411778904115639
Control	0.517783353912403	0.00409128686713735	0.046155091726219	0.0836224726941174	0.0514851266907275	0	0.0993076399533038	0.189508883165678	0.00804614499041339
BRCA2	0.739656623430756	0	0.0357507611680821	0.0464496625177193	0.0279313158490031	0	0.071949846679915	0.0616946247133052	0.0165671656412188
Control	1	0	0	0	0	0	0	0	0
BRCA2	1	0	0	0	0	0	0	0	0
Control	0.706249560516784	0	0.0314120144900587	0.0515283161238793	0.0359788269872885	0	0.0793150695024682	0.0787946312219283	0.0167215811575933
Control	0.730667570610435	0	0.0330045152465217	0.0551496083915428	0.0355570968987956	0	0.0761261946249427	0.0526340232941312	0.0168609909336312
Control	0.270160504479565	0.0232092347507725	0.0318266409433592	0.0515926658784292	0.0284515428772097	0	0.080099784544356	0.514659626526309	0
Control	0.574780699347712	0	0.0344037692238341	0.055268575527776	0.0385163834130253	0	0.096226601594618	0.200803970893034	0
Control	0.85740790817505	0	0.0201425538561041	0.028829717557822	0.0169010545663488	0	0.0519084697256493	0.0223583302378181	0.00245196588120812
Control	0.637966151642426	0	0.0363323661463439	0.0700145677263278	0.0477560745395063	0	0.082003219400875	0.120115036468969	0.00581258407555224
BRCA2	0.897804842190074	0	0.0108892095241294	0.0266010145264173	0.0205348046590259	0	0.0287563567482577	0.00449123957377287	0.010922532778323
BRCA2	0.607018087081864	0.000543215172810589	0.0388953468435696	0.0630409855102779	0.0473788322350043	0	0.0782587656804941	0.158659356271218	0.00620541120476079
Control	0.888897640838037	0	0.0161686202008301	0.0241013317993867	0.0174963757636751	0	0.0311510214195817	0.013713229868666	0.00847178010982331
Control	0.434030135862699	0.0145864997622058	0.0534573067631195	0.0728886742721536	0.0333824626912225	0	0.10434434934952	0.28731057129908	0
Control	0.420410273373566	0.00689843123346632	0.040640553001938	0.0566487633084157	0.0334370386248676	0	0.0925902642947259	0.34937467616302	0
BRCA2	0.705797515026577	0	0.0305995457083962	0.0596445998830631	0.0425032394333288	0	0.0789346921923988	0.0718081690574214	0.0107122386988144
Control	0.770720629934856	0	0.0302209520079358	0.0423968825892027	0.0284627822962552	0	0.0727062282373794	0.050145965109256	0.00534655982511477
BRCA2	0.799115016666833	0	0.0278375692513801	0.0449305279526046	0.0290182569415373	0	0.0454175480910036	0.0463222874092748	0.00735879368736617
BRCA2	0.331400179080627	0.0205957823345308	0.0360370887203684	0.053279791743825	0.0333522143360314	0	0.0891832016601044	0.436151742124513	0
Control	0.97954088428606	0	0.00331032591406461	0.00508419778401915	0.00302960921568285	0	0.00647865412169793	0.00129280206756157	0.00126352661091361
BRCA2	0.412167624622015	0.0413088532292375	0.0366519969155264	0.0515748113219211	0.0428347650813278	0	0.0972535439422447	0.318208404887728	0
Control	0.625290224953909	0	0.0414197281143924	0.0659197111337979	0.0449924104590994	0	0.0768108938610399	0.142369831129625	0.00319720034813707
BRCA2	0.382802990612781	0.0328845272234488	0.0333239258035355	0.0521158126466396	0.0348987814264886	0	0.0650917323103812	0.398882229976726	0
Control	0.354193822375524	0.0289439116664141	0.0378433870863819	0.0694182159412153	0.0486516164703951	0	0.081342285772995	0.379606760687074	0
Control	0.861866299812462	0	0.0204273163717996	0.0290300165438401	0.0217410154853387	0	0.0369148887120604	0.0216843003758945	0.00833616269860458
BRCA2	0.720674184505209	0	0.0299715668362014	0.0556018402947257	0.0396279127398697	0	0.0641271072097648	0.0791434402974796	0.0108539481167495
BRCA2	0.136200910028035	0.0277825991450222	0.00251023050396459	0.0178506472378659	0.0235683653416065	0	0.0296155687087317	0.762471679034774	0
Control	0.836555811516578	0	0.0229085580428381	0.0343973740109243	0.0222137300248998	0	0.047816685294555	0.0266820158244187	0.00942582528578629
Control	0.932719259191034	0	0.00939652447950321	0.0175718692929455	0.0106357923766063	0	0.0180009031834841	0.0063193018217875	0.00535634965463931
Control	0.635520129890162	0	0.0340957508381112	0.0571314796850191	0.0420058161969557	0	0.0780002018597558	0.15284623366275	0.000400387867246475
BRCA2	0.616656258820541	0	0.0415866045424169	0.0569718898032549	0.0377568118993854	0	0.093502191172408	0.144059062044559	0.00946718171743503
Control	0.882688670493946	0	0.0161402629845846	0.0203234499987942	0.0119311346172871	0	0.0427229572806913	0.0261935246246965	0
Control	0.719638454302715	0	0.0337439523286794	0.0469840038315562	0.0299031368113689	0	0.0687292552691288	0.0782335778944008	0.0227676195621509
BRCA2	0.286650575195951	0.0343063289205724	0.0265953861146483	0.0670312578033802	0.0544764540187034	0	0.0614861834712698	0.469453814475474	0
BRCA2	0.706394787144466	0	0.0351837648706836	0.0403236301258728	0.0224087865048709	0	0.0666737458451316	0.129015285508975	0
Control	0.653394056323641	0	0.0412642421819996	0.0520178723798492	0.0280602760152548	0	0.0709762497032002	0.154287303396056	0
Control	0.882057709597533	0	0.0147219196336597	0.0234283666763545	0.0137626055717891	0	0.0311966508134037	0.0261271113942375	0.00870563631302229
Control	0.79145417377711	0	0.0277034842183179	0.0403496726952346	0.0274495279789073	0	0.0604217143590057	0.0412562407489804	0.0113651862224443
Control	0.415405685444041	0.0310106486050481	0.0210438869799072	0.0547341788809008	0.0371887215692793	0	0.0912386033720867	0.349378275148737	0
Control	0.756324754276283	0	0.0318909700642728	0.0458408380291502	0.0325752497092864	0	0.0622403317428646	0.07038768520016	0.000740170977983351
Control	0.880184051749068	0	0.0157711791054055	0.024215671238651	0.0164581509725723	0	0.0407994729693786	0.0158207633332623	0.00675071063166261
Control	0.552366768341761	0.0164419038876251	0.0390812903142059	0.0591426233687299	0.0452352298347874	0	0.0887205340300926	0.199011650222798	0
BRCA2	0.225065721445763	0.0354958212096829	0.0199785657400225	0.0239057510316249	0.00107732976995191	0	0.0662249685780113	0.628251842224943	0
BRCA2	0.800422233183367	0	0.0278067640928201	0.0343144827526048	0.0163945348469636	0	0.0591920254256296	0.0578108298882182	0.00405912981039626
BRCA2	0.964858330314607	0	0.00629194801625568	0.00844229991054477	0.00472522639450176	0	0.00947978204851384	0.00449252646179283	0.00170988685378434
Control	0.92001690944302	0	0.0114538435138625	0.0156474428284954	0.00483323788335079	0	0.0341741339833575	0.00936159207485968	0.00451284027305421
Control	0.664968155467013	0	0.0373189349026289	0.0572212807281309	0.0374672712241645	0	0.0835169465646152	0.119507411113448	0
Control	0.713001069721738	0	0.0296437206528666	0.0597442908714537	0.0354897933257561	0	0.0756950644484371	0.0737508199375693	0.0126752410421792
BRCA2	0.448149633504752	0.0209300346057645	0.0382566391660299	0.0747922228159572	0.0524111083566087	0	0.0931480119442774	0.272312349606611	0
Control	0.726364462690701	0	0.0316111439394914	0.0483879917775507	0.0359949390138479	0	0.0744090682600016	0.072925826302501	0.0103065680159068
BRCA2	0.741667190560519	0	0.0364675037752544	0.0478540047506222	0.0298328913361387	0	0.065533872086252	0.0687397814343262	0.00990475605688805
BRCA2	0.611346605436934	0.010552299506084	0.0394598979386247	0.0561062685642318	0.0417629081243404	0	0.0895197478581214	0.151252272571663	0
BRCA2	0.722408900611196	0	0.0285865169826794	0.0608769574686916	0.0401053182684544	0	0.0837848084220255	0.0640535699744351	0.000183928272517584
Control	0.734498493627321	0	0.0278318203807865	0.053821222837973	0.0374948700614562	0	0.0647443422028996	0.0640435632118453	0.0175656876777184
BRCA2	0.781015947646085	0	0.0301056973935544	0.0389381878821906	0.0218679091317734	0	0.066716459522803	0.0523055529879514	0.00905024543564277
Control	0.318976876765422	0.0351432305662913	0.0296425648851623	0.0505929284768843	0.0353798444493755	0	0.100680061693601	0.429584493163264	0
Control	0.557444880178657	0.0354018242425951	0.0305356299037821	0.0798367231430457	0.049641080230328	0	0.106432962256828	0.138141723698707	0.00256517634605703
BRCA2	0.764013188170739	0	0.0313892176932056	0.0437389850132125	0.0278727593429967	0	0.0578999997186069	0.0604042861595243	0.0146815639017154
Control	0.361650205247564	0.0127296356667968	0.0355102329806379	0.0611710686958918	0.0306815535307451	0	0.0622675645887562	0.435989739289608	0
BRCA2	0.753349608640183	0	0.0283341759204153	0.050096872881925	0.0273356690000506	0	0.0638147698523953	0.0740877178256388	0.0029811858793926
Control	0.931705026243222	0	0.0105426404995408	0.0163968437285733	0.00983224245503463	0	0.019866994498103	0.00806876381147579	0.00358748876404998
Control	0.808087091748273	0	0.0278043827016461	0.0399650051865759	0.0212567002243976	0	0.0540458242280998	0.0346218016961401	0.0142191942148674
Control	0.896432050406371	0	0.0126310164994797	0.0241338524013754	0.019005180791073	0	0.0322735706245097	0.00729862740998994	0.00822570186720166
BRCA2	0.793721525805889	0	0.032202181578562	0.0388638652994312	0.028265673927406	0	0.0482061419391305	0.0488562354395662	0.00988437601001543
BRCA2	0.789915289074315	0	0.0276037616676239	0.0384544906068157	0.0250624896200775	0	0.060793582954536	0.0467765591678817	0.0113938269087506
Control	0.900419739942331	0	0.0148399311661162	0.0216818842947371	0.0149686832861112	0	0.0332375187100288	0.0130094440223981	0.00184279857827764
Control	0.443233400732628	0.0116316540923031	0.0336768066098686	0.0714532543590877	0.0422960453151492	0	0.0984820927262437	0.29922674616472	0
Control	0.750633192165262	0	0.0306379067962963	0.0461805573727985	0.0304571281082342	0	0.0704328389622887	0.0512270519489258	0.020431324646195
BRCA2	0.566796643292705	0.0138400956226026	0.0399505496180752	0.0648685042545278	0.0344854141075776	0	0.113584431585165	0.166474361519347	0
Control	0.50583429527479	0.0116951687602873	0.0457911384932052	0.0628354870009252	0.0337378388173369	0	0.0859872130615907	0.254118858591865	0
Control	0.549226854833039	0.00694683733242584	0.0451188347824052	0.0703989924878892	0.0458414852534622	0	0.0881195180209579	0.166314203079876	0.0280332742099441
BRCA2	0.959123514915565	0	0.00843443021247937	0.00745249665091085	0.00482899173155685	0	0.0117451210912423	0.00641129354408862	0.00200415185415723
Control	0.708097235229972	0	0.0400311364765244	0.0398319756158358	0.0226136449695929	0	0.0712058362225678	0.0988457759998163	0.0193743954856906
Control	0.950515928340979	0	0.00795769861104908	0.011167435181869	0.00786328122682295	0	0.014433585753663	0.00376766721540966	0.00429440367020732
BRCA2	0.35155104616248	0.0123014564749715	0.0225607213541335	0.0302330549643636	0.0181530407811996	0	0.0565216120826196	0.508679068180232	0
Control	0.827366735948967	0	0.023822294766566	0.02900269883512	0.0202872667036823	0	0.0443049395733471	0.0390108781501478	0.01620518602217
Control	0.380978963359275	0.0195951187608704	0.0293191482392796	0.0432203160027129	0.0220512121139783	0	0.0483224163918818	0.456512825132002	0
Control	0.807411528337837	0	0.0273478859965287	0.0361600698061893	0.0239270368732503	0	0.0440183502908887	0.0544649883386599	0.00667014035664588
Control	0.685856779122884	0	0.0407490719970526	0.0451318821218365	0.0241798366897702	0	0.0828120599135127	0.104717490564873	0.016552879590071
Control	0.889867794708232	0	0.0141436292861897	0.0234917010167565	0.0194196413853231	0	0.029111366962212	0.0151149576145888	0.00885090902669806
Control	0.774030341093075	0	0.0307744349999393	0.0372655427070025	0.0249433448655962	0	0.0519038336667514	0.0645958663989278	0.0164866362687073
Control	0.562812703445973	0	0.0437062104605791	0.0550286183505581	0.0447122974398541	0	0.0636835542916336	0.217877355167726	0.0121792608436764
Control	0.493463152781166	0.0188452386694453	0.0419128738917927	0.0638840197810874	0.0408480339161758	0	0.0861900502392576	0.254856630721075	0
BRCA2	0.685072519077063	0	0.034764929232051	0.0458066093777619	0.0328910284668426	0	0.0534214589995667	0.134486348816798	0.0135571060299173
Control	0.703546669350929	0	0.0305559652093616	0.053079868145128	0.0409411801983743	0	0.0651275732635923	0.0933468990610084	0.0134018447716064
Control	0.477129400444722	0.00413691418829726	0.0494580009494874	0.0594275179137107	0.0353572496429245	0	0.0789650555731954	0.285935277209687	0.00959058407797491
Control	0.179505796056146	0.0226788644112919	0.0149837466014149	0.019300529518934	0.0106829849995473	0	0.02471172417483	0.728136354237836	0
BRCA2	0.422189657736699	0.00905936403165073	0.0611660789569466	0.0594045325197355	0.0517445794047897	0	0.0875396927514831	0.29937360539073	0.00952248920796562
Control	0.357300689253521	0.0227923336583367	0.0261508682244984	0.0509878900994279	0.0277497273274423	0	0.051744579713844	0.46327391172293	0
Control	0.746067003025519	0	0.032492446776705	0.0417446807861868	0.0252973129535347	0	0.0683432565811022	0.0654314330130117	0.0206238668639407
Control	0.487740761381889	0.00759020353080928	0.0413966685224943	0.0585812938573509	0.0371218973950863	0	0.0805833313092449	0.286985844003125	0
BRCA2	0.572829901143042	0	0.0398843415561717	0.050720382001036	0.0340030407830593	0	0.0598995592468702	0.241161113702506	0.00150166156731464
Control	0.95279072885334	0	0.00738090707957987	0.010678898578955	0.00837000081456193	0	0.012193621261484	0.00354356359493689	0.00504227981714229
BRCA2	0.63945405528422	0	0.0430975438925509	0.0523151950154665	0.0309768434915043	0	0.0600066034133761	0.174149758902883	0
Control	0.694201250235291	0	0.0332135253033779	0.0469042319576573	0.0307723996619276	0	0.058669723267965	0.122493244894284	0.0137456246794974
Control	0.579465757527199	0	0.027400604870037	0.0437757682353508	0.0223371347118046	0	0.0407135124420734	0.286307222213535	0
Control	0.352660790046011	0.0296236986234538	0.017067725488332	0.0195798037377354	0.007396304044681	0	0.038566358729225	0.535105319330562	0
Control	0.61270828238072	0	0.048325378887493	0.0586179821547163	0.0352581501790688	0	0.0699095289855605	0.165584761632666	0.00959591577977578
Control	0.33295614167136	0.0347882365563565	0.0349966436355366	0.0645667830498625	0.0574295803479695	0	0.104520842282159	0.370741772456756	0
Control	0.717740959922264	0	0.0391652133265655	0.0429094788093723	0.0268469661234452	0	0.059837265543028	0.106896313645662	0.00660380262966311
Control	0.571726712603232	0.00177294445612818	0.03855724121597	0.0538764689402284	0.0448507857202709	0	0.0732156665300722	0.216000180534098	0
Control	0.968988702451606	0	0.00490073161271517	0.00651081362166638	0.00427928009135583	0	0.0101333766776532	0.00457298938392644	0.000614106161076724
Control	0.873996851679742	0	0.0178165452879988	0.025283482583522	0.0219695279684426	0	0.0307323898922158	0.0214331082316809	0.00876809435639755
BRCA2	0.619074144734162	0	0.0410901475622769	0.0554465459310175	0.0449283182405953	0	0.0568658604984542	0.173305183408928	0.00928979962456611
Control	0.917530787387058	0	0.0119227585770861	0.0173450210918101	0.0169566810832586	0	0.0219432381323373	0.00696613910552589	0.00733537462292425
Control	0.388976464451251	0.0352563764794071	0.0214280715968325	0.0378202176018251	0.0296176792737325	0	0.059299768996253	0.427601421600699	0
Control	0.247468812849432	0.0289328968293347	0.0124934549143727	0.0195099666953645	0.0135881525558789	0	0.0394737202475648	0.638532995908052	0
Control	0.449619128082422	0.00561437878753338	0.0311560908118246	0.0457205286711671	0.036680110825124	0	0.0613320917686715	0.369877671053257	0
BRCA2	0.906464217555251	0	0.0144664686153131	0.0202085612659992	0.0151110965974539	0	0.0240610917801106	0.00857771733450898	0.0111108468513632
Control	0.862055303806132	0	0.0208983647157514	0.0244476657381415	0.01679672020583	0	0.0361585404278184	0.0316517685560766	0.00799163655025057
Control	0.967375783220325	0	0.00480752028567692	0.00718999797404746	0.00641239302058183	0	0.00836889927079791	0.00292186013771883	0.00292354609085239
Control	0.13663435134724	0.0283734603724016	0.00796467458745029	0.0141979782284208	0.00566978742239827	0	0.0156181007168971	0.791541647325192	0
Control	0.825945748086511	0	0.0233242303139647	0.0304327795501022	0.0229551982806102	0	0.0506413839712214	0.0367338010053979	0.00996685879219272
BRCA2	0.504663716448363	0.00573598046459178	0.0361536395901875	0.0668002188463441	0.0518739955821333	0	0.0701894208162153	0.264583028252165	0
Control	0.62377756444802	0	0.0325136118353147	0.0375836306611929	0.0246944023961358	0	0.0514996571575553	0.229931133501782	0
Control	0.49984950679604	6.83515719799998e-05	0.039440547491084	0.0625925770953782	0.0488530546073004	0	0.0747151618550693	0.263818604966254	0.0106621956168945
Control	0.528804591876115	0	0.0442728040494761	0.0529376689971201	0.0315554787689942	0	0.0675277163912565	0.272928245182214	0.00197349473482415
Control	0.984231544203121	0	0.00273031289350266	0.00333981187793459	0.00193971576543385	0	0.00519620267875821	0.00201040938182625	0.000552003199423721
Control	0.814558828992492	0	0.0251057637473642	0.0339906263412554	0.0236523821564439	0	0.0413078772345611	0.0390011731727016	0.0223833483551817
Control	0.436690354452091	0.00620017308245421	0.0319371825749703	0.0416905894367648	0.0276399012090531	0	0.0569648324542331	0.398876966790434	0
