type	Epi	Fib	B	NK	CD4T	CD8T	Mono	Neutro	Eosino
BRCA1	0.159745975422158	0.0305291186800018	0.0237687602166356	0.0260533549342854	0.0199096256319648	0	0.028211535675219	0.711781629439735	0
Control	0.292015609666905	0.0667105710448028	0.0384428354545614	0.0546781257510461	0.0444486152755805	0	0.0628561373491308	0.440848105457973	0
Control	0.425033833545434	0.0454214519106248	0.0586936140048662	0.0740614220888981	0.0560589474534086	0	0.0579020113102015	0.282828719686567	0
BRCA1	0.516106079258514	0.0294799294178124	0.05750017176917	0.0742258856483792	0.055300871366579	0	0.0642008723860124	0.203186190153533	0
Control	0.255661465551147	0.0574256317297124	0.0473581313866842	0.0595557709660996	0.0375149748369571	0	0.0502083182652539	0.492275707264146	0
Control	0.356810416244842	0.0480958164248332	0.0407931880316264	0.0565167034777234	0.0428807743382433	0	0.0505498515177145	0.404353249965017	0
BRCA1	0.334566930342996	0.0661388778519724	0.0492221844035782	0.0667279488696169	0.0513824219862113	0	0.0592142969484144	0.372747339597211	0
Control	0.315936313994542	0.0541479938785992	0.047981311180957	0.073777276603563	0.0596244838650307	0	0.0588968222703821	0.389635798206926	0
Control	0.927912112984862	0	0.0124078694089861	0.0169025156792324	0.0120764709576276	0	0.0144948016564658	0.0135848897228247	0.00262133959000123
BRCA1	0.170806831782154	0.0487688108938795	0.0220696485728295	0.0304496359514628	0.0208975528614206	0	0.0374785193254716	0.669529000612781	0
Control	0.276219621498497	0.0604637678245177	0.03189879574706	0.0477698184684662	0.0403208196512167	0	0.0406203683309381	0.502706808479304	0
Control	0.64307212838075	0	0.0453347014221598	0.0648034178278433	0.0453101834901646	0	0.0646206265555626	0.136858942323519	0
Control	0.102913108274065	0.0293082412176929	0.0165699887091278	0.0148063125337627	0.00816461417228721	0	0.0183051166747326	0.809932618418332	0
BRCA1	0.130358509199403	0.0213163753482254	0.018221457701817	0.0168175707832259	0.00491521615403142	0	0	0.808370870813297	0
Control	0.568658269704499	0	0.04534270698163	0.0677140909840379	0.0562345290140379	0	0.0476148158807839	0.214435587435011	0
BRCA1	0.972350135969996	0	0.00443130339886817	0.00640239823889484	0.00583958391407231	0	0.00527341100897857	0.00487906893232607	0.000824098536864214
Control	0.660687409879358	0.00328153794862226	0.0474194238800034	0.0676555602894703	0.0546823569469719	0	0.046145053014552	0.120128658041022	0
BRCA1	0.0507803022105034	0.0151193023600758	8.4737932576358e-08	0	0.00390175477558359	0	0	0.930198555915905	0
BRCA1	0.114924845131191	0.0297411445619856	0.0170902031741913	0.0212572950389329	0.0166470421443776	0	0.0105697558066795	0.789769714142642	0
Control	0.512712676255435	0.027679816763398	0.0455615101317077	0.066087900541483	0.0561418002484898	0	0.0460492512148226	0.245767044844664	0
Control	0.338826605474824	0.0587278140585367	0.0489789112529506	0.0650260573293009	0.0476010153209374	0	0.0746492546321249	0.366190341931325	0
Control	0.142644044948526	0.049508081505324	0.0235394546290921	0.0334220679541699	0.0237315408211586	0	0.0255090177596642	0.701645792382065	0
BRCA1	0.709711904564013	0	0.0440606394413032	0.0533774715915055	0.0417321423143897	0	0.0511854786735456	0.0999323634152433	0
BRCA1	0.715203490232559	0.00102934388177141	0.039914135611266	0.0581106663517235	0.0443397986400881	0	0.0477039895345028	0.0936985757480896	0
BRCA1	0.0673751715154115	0.0168598427695393	0.00472675145201928	0.00595624558688924	0.0141283819023474	0	0.00452017381518787	0.886433432958605	0
Control	0.990921673898896	0	0.00159093792210644	0.00214882806408413	0.00166378152418499	0	0.00172870427071718	0.00161228676232886	0.000333787557682271
BRCA1	0.933174512225289	0	0.0117085077842884	0.0148075633849061	0.0101571667791981	0	0.0125713951992657	0.0175808546270525	0
Control	0.333616835576306	0.0552333709079133	0.0485678384068123	0.0563834964391956	0.0418309315822821	0	0.065571816844452	0.398795710243039	0
BRCA1	0.351476244195369	0.0472359512144814	0.045198872207071	0.0737291532594912	0.0665370849945393	0	0.0562225816146908	0.359600112514358	0
BRCA1	0.809581436697429	0.0085680237189804	0.0286358019366057	0.044325684837007	0.040263689585202	0	0.0338221917725133	0.0330102020203414	0.00179296943192085
Control	0.44115819561586	0.0440166999165743	0.0431064252367742	0.0621223385324935	0.0537370321024723	0	0.0439985854571511	0.311860723138675	0
BRCA1	0.540524269990878	0.0192447483522858	0.0501898527043374	0.0702730734765625	0.056854677373519	0	0.0497650227828704	0.213148355319546	0
Control	0.935556509207706	0	0.0111357789038817	0.0143143105169808	0.0111438618274255	0	0.0154017348606722	0.0106117839957912	0.00183602068754221
Control	0.127748834283752	0.0450592962661564	0.0381832950112276	0.0408877254057974	0.0250450703134385	0	0.0547524469561215	0.668323331763506	0
Control	0.177226885167914	0.0462649884482298	0.0268420041678332	0.025950379803663	0.0179166066606591	0	0.0297317269813316	0.676067408770369	0
Control	0.69015046363408	0.00531562312782231	0.0441817697744102	0.0627130407492381	0.0471713520526652	0	0.049022483138653	0.0990444001264772	0.00240086739665432
BRCA1	0.0510305774266259	0.0165240152343331	0.0150971894683984	0.0155757450010075	0.0279175480279667	0	0	0.873854924841668	0
Control	0.533710993427337	0.0106985733498977	0.0593554588785399	0.075055646291676	0.0622123095429679	0	0.0647113434136949	0.194255675095886	0
BRCA1	0.16042335793006	0.0520217595567087	0.0300261576462801	0.0287542173934413	0.0214070841391171	0	0.0409054088889973	0.666462014445395	0
Control	0.89735014710094	0	0.0173084245276854	0.0232778786818303	0.0172464436034769	0	0.0222913383612027	0.0215302727394737	0.000995494985391044
BRCA1	0.559682189104109	0.0285517401483103	0.0574314628802577	0.0736395029447299	0.0657528640933254	0	0.0611036779651711	0.153838562864097	0
Control	0.206252241411983	0.0771964597714636	0.0324557437716877	0.0451431269560117	0.0403528605241264	0	0.0429816912935201	0.555617876271208	0
BRCA1	0.40641798007366	0.0257715600165514	0.049755487864889	0.0645796212449424	0.043134992210023	0	0.0442429919835407	0.366097366606394	0
Control	0.819430905011536	0	0.0326472674209541	0.0409641945941659	0.0351905308465587	0	0.0348859288710834	0.0312551485135574	0.00562602474214414
BRCA1	0.214996129077888	0.046099365347424	0.035273142832779	0.0427465078819019	0.0235458635978937	0	0.0440722660044809	0.593266725257632	0
Control	0.34378344327721	0.0850814108951136	0.0692536202366227	0.0876302796736017	0.0680117093845504	0	0.0827682643214165	0.263471272211485	0
BRCA1	0.170845789574086	0.0406409258398446	0.0258924421645914	0.0304371946933402	0.0201675221597872	0	0.0176895107536633	0.694326614814687	0
Control	0.23608440100261	0.0686802239336631	0.0468198579083859	0.0601576667237434	0.0417871590547489	0	0.0642426449497969	0.482228046427052	0
Control	0.0779985797218028	0.0262374546080149	0.00724609503388481	0.0127220976911267	0.0122300630830682	0	0	0.863565709862103	0
Control	0.693702992715825	0	0.0503757931933817	0.0622982639869848	0.0461719620810507	0	0.0486993274276582	0.0839399824281735	0.0148116781669264
BRCA1	0.353217340320341	0.0195781486270256	0.053144532133139	0.060560029860134	0.0473835802728732	0	0.0546641035596509	0.411452265226836	0
Control	0.100479564526704	0.0233115428383159	0	0.0098063522766771	0.0137268089988909	0	0.0129610069814853	0.839714724377927	0
BRCA1	0.850109292891622	0	0.0249087404971159	0.0350448555370548	0.0291281089386046	0	0.0256701523755259	0.0311757480333319	0.00396310172674465
Control	0.501576740218556	0.00766116887751038	0.0546897486108208	0.0710915394850747	0.0639662599930588	0	0.0534827478686679	0.247531794946311	0
BRCA1	0.0602661561286683	0.0171386219083553	0.0060027591424526	0.00635616018404843	0.00880547456093553	0	0.00228930424805592	0.899141523827484	0
Control	0.566777427232762	0.0540496155466348	0.0456664332979874	0.0668541245190981	0.0599854221432255	0	0.0748293481250207	0.131837629135271	0
BRCA1	0.414398500465505	0.0647239726398913	0.080325719280667	0.102238315172971	0.0797384168769189	0	0.0510611142671309	0.199391433594649	0.00812252770226753
Control	0.75309918811619	0	0.0396687044797127	0.0505075438986507	0.0341898882860579	0	0.0464372369230031	0.0699084458989759	0.00618899239740975
Control	0.0692795137846247	0.0156062578841808	0.00179862037597522	0.00244861267278266	0.00673950192959561	0	0	0.904127493352841	0
Control	0.776428166838048	0	0.0341904460265384	0.0436852599991258	0.0363174634386684	0	0.0404485609082313	0.068930102789388	0
Control	0.335247619142259	0.0597569453115869	0.0544458408301994	0.0651433774020365	0.0513785399570795	0	0.0630877984492679	0.370939878907571	0
Control	0.283054090646882	0.0629778424239515	0.0442325488227768	0.054198619515409	0.037639166941891	0	0.0262928143077045	0.491604917341385	0
BRCA1	0.0633606797266569	0.0177321101307886	0.00203901080829274	0	0.00858064268322197	0	0.0121236226157382	0.896163934035302	0
Control	0.719264767133202	0	0.046594986339358	0.0548210679593608	0.0423074375916851	0	0.0533598051027404	0.0674327260236894	0.0162192098499646
BRCA1	0.528352961544586	0.0264347447664318	0.0533687451231566	0.0643837814538839	0.0479346808722492	0	0.0644335340522732	0.21509155218742	0
BRCA1	0.0897067405037425	0.027950911120299	0.0223678876823774	0.0203421558111774	0.0160900045250823	0	0.00618900477761662	0.817353295579705	0
Control	0.279147849323681	0.0573936877131326	0.0397137400777299	0.0559389734553237	0.0369767377492621	0	0.0535465498472435	0.477282461833627	0
BRCA1	1	0	0	0	0	0	0	0	0
Control	0.125487401996755	0.0528673436997111	0.0226197343634054	0.0346561678879581	0.0284500158290458	0	0.0120935841467484	0.723825752076376	0
BRCA1	0.706314175478053	0	0.0544800545548837	0.0760562838544631	0.070885668459065	0	0.0394538140680507	0.052810003585485	0
Control	0.0325555121069777	0.00595138775339308	0	0	0.00305956150131416	0	0	0.958433538638315	0
Control	0.808167956624017	0	0.0314284889682795	0.0487232368785717	0.0487142388865944	0	0.035689971642451	0.017849480120038	0.00942662688004881
Control	0.91385052130429	0	0.0147298509934757	0.0195954536807223	0.0181339287649774	0	0.0161575747396095	0.0129806077568572	0.00455206276006787
BRCA1	0.38037617978483	0.0526470479335526	0.048039902444355	0.0624710456437429	0.0428971929138672	0	0.0869735251206157	0.326595106159037	0
BRCA1	0.768936590675048	0	0.0350100291802536	0.0463633212032737	0.0337708071763852	0	0.0410754627966923	0.0691451580240539	0.00569863094429309
BRCA1	0.882592564910882	0	0.0234739050103157	0.0282089014837321	0.0215847414967493	0	0.0209134204006796	0.0195605563559719	0.00366591034166958
Control	0.303229596334306	0.0463125566097972	0.0472437879925647	0.0550219441012793	0.0442329912945504	0	0.0483852037209629	0.45557391994654	0
Control	0.203918236815162	0.0607573233288664	0.0353631626343334	0.0332638466633229	0.020690382458616	0	0.0485681424027854	0.597438905696914	0
Control	0.247430407560131	0.0921150223009983	0.055114780853291	0.0699845567436247	0.0585262006171069	0	0.067828212772863	0.409000819151985	0
BRCA1	0.12349026472713	0.0401218290952096	0.0231188827481581	0.0207609283023404	0.0239004800509212	0	0.0163252740516259	0.752282341024615	0
Control	0.0870525831990279	0.0261222391808503	0.0122335363875221	0.0123479054677493	0.0162309303541342	0	0.0166303408928339	0.829382464517882	0
Control	0.727450244462565	0	0.0406499619044342	0.0564453215224177	0.050746382755163	0	0.0461640628473828	0.0733783299015497	0.00516569660648796
BRCA1	0.839128214230629	0	0.0275041391509401	0.0342896679569921	0.0273634903058077	0	0.0327018783826032	0.0349422272758561	0.00407038269717188
BRCA1	0.947917211527704	0	0.00889246542694392	0.0136050341276181	0.0128121951442966	0	0.00989921161722097	0.00354674203982636	0.00332714011638967
Control	0.193457219593691	0.0487595295942214	0.0267346737967291	0.0296993397438562	0.0243242059835587	0	0.0510608268734337	0.62596420441451	0
BRCA1	0.42448550249533	0.0575463262713593	0.0518718477404166	0.0724138254546095	0.0554225231255027	0	0.0592966587959276	0.278963316116854	0
Control	0.157419813878231	0.0356908157531356	0.0192907143156719	0.0179445669078792	0.018607879133276	0	0.0224687029994295	0.728577507012377	0
BRCA1	0.826164461910884	0	0.033620316071565	0.0447724423624863	0.0330351791410361	0	0.0294767317882608	0.0269947732148715	0.00593609551089595
Control	0.663041225741185	0	0.0486314173033156	0.070596515849454	0.0590707982258079	0	0.0543347090658479	0.0968139376690382	0.00751139614535111
BRCA1	0.18093214274348	0.0425134920438715	0.0298375454395929	0.029458891971111	0.0212554513438296	0	0.0398197401367647	0.65618273632135	0
Control	0.18521158540615	0.0435935666577922	0.0292750971933124	0.0321396774213405	0.0266261784870499	0	0.0354370019159039	0.647716892918452	0
BRCA1	0.717662731849091	0	0.037613700518374	0.0561087492376513	0.0475127933493544	0	0.0419117429279754	0.0991902821175542	0
Control	0.502136167346386	0.0407449693903483	0.0545574395322983	0.0731781010173533	0.0593021005381247	0	0.0550507086174891	0.215030513558001	0
Control	0.216582947755864	0.0356258150987503	0.0287919208041771	0.0387175825686189	0.0235664545293825	0	0.0277030796668017	0.629012199576405	0
Control	0.641660377831574	0	0.0467989761026263	0.0652461515685536	0.0536956378966479	0	0.0487704447244871	0.143828411876111	0
BRCA1	0.866665492453762	0	0.0214605131583685	0.0287902318300265	0.0237343745505125	0	0.028844103023137	0.0246830702355602	0.00582221474863383
Control	0.266127197463734	0.0651993483646188	0.0376145503420083	0.0516116715593823	0.0344275928738942	0	0.0499432730863408	0.495076366310021	0
Control	0.652817860476619	0	0.0408927396665622	0.0579507435556871	0.0480103732321637	0	0.0594365437356653	0.140891739333303	0
Control	0.331629436884742	0.0532116034591854	0.0454718547297872	0.0584519156732313	0.0451154461059342	0	0.0494094020787356	0.416710341068384	0
Control	0.180782468853843	0.0772122132521619	0.0713234836587904	0.0943176692016696	0.0839993016143325	0	0.0880663552150497	0.404298508204153	0
Control	0.664175678937944	0	0.0507832937391974	0.0626093630494509	0.049983444082845	0	0.0490947888714119	0.123353431319151	0
BRCA1	0.879409857957609	0	0.0227519142482406	0.0289694258037241	0.0242511479640762	0	0.0203307856130407	0.0209385317036436	0.00334833670966574
Control	0.286349250096728	0.0594569015003697	0.048343418398253	0.0597681545510921	0.0427700728676608	0	0.0866102409943526	0.416701961591544	0
Control	0.179367609806632	0.0425514803051196	0.0260850678789223	0.0371295270309338	0.0265225191360421	0	0.059123126439848	0.629220669402503	0
Control	0.709008242759827	0.00163100969877226	0.0465972296293918	0.0599314173798755	0.0501023808064439	0	0.0516754209246438	0.0676538106223355	0.0134004881787101
BRCA1	0.675523209895536	0	0.0540489707372428	0.0868608106969315	0.0677823672370003	0	0.0553459798707284	0.0471220818950515	0.0133165796675092
Control	0.0945588935525952	0.0443856046828839	0.0163426586392659	0.0224279277827582	0.0230085507488996	0	0.00580932311559882	0.793467041477998	0
BRCA1	0.0906566002397894	0.0329883218688117	0.0224000978475741	0.0175437553147012	0.00773539317157616	0	0.00570037439153133	0.822975457166016	0
Control	1	0	0	0	0	0	0	0	0
BRCA1	0.344346339095652	0.0421487335448357	0.0451149346891561	0.0582436086288561	0.040862028026149	0	0.0505600837872248	0.418724272228126	0
Control	0.0731953510897252	0.0186590364365513	0.00133598627647641	0.00206692961211057	0.0041562073232465	0	0	0.90058648926189	0
Control	0.403567982982738	0.00193520392855221	0.058898221571301	0.0776045851814168	0.0573270992038237	0	0.0913030979109342	0.309363809221234	0
Control	0.243101832166266	0.0387350023258263	0.0337456734319303	0.0392447289881022	0.0271024855615446	0	0.0256971806865035	0.592373096839827	0
Control	1	0	0	0	0	0	0	0	0
BRCA1	0.858775373521435	0	0.0240062930894678	0.0304477999105586	0.0238633582857273	0	0.0274249532509489	0.0328870660134694	0.00259515592839308
BRCA1	0.813398514913703	0	0.0303377226924521	0.0354602879920149	0.0326347920082101	0	0.042788116140139	0.0453805662534809	0
Control	0.216521593643937	0.0586282577507615	0.0281797460663274	0.0361676108443038	0.0305754424165904	0	0.0302630585785193	0.599664290699561	0
BRCA1	0.655232262431121	0	0.0468925543394131	0.069173455401578	0.0551441040646717	0	0.0569583850925196	0.112161267213374	0.00443797145732243
Control	0.877437842750759	0	0.0207392373332669	0.0283579400089304	0.0218616151348611	0	0.0234089755053295	0.0238098597588708	0.00438452950798275
Control	0.900488798783267	0	0.0172520869714985	0.0221468797825555	0.0179574956371686	0	0.0212968494180881	0.0151431266238689	0.00571476278355357
Control	0.202581276977326	0.0731539501799178	0.016693111920788	0.032501479340463	0.025162830578472	0	0.0161541730512115	0.633753177951821	0
BRCA1	0.540499245166113	0	0.0585916437772982	0.0767370201399917	0.0541577795652015	0	0.0719624778088214	0.186408790893707	0.0116430426488669
Control	0.15524958535761	0.0440757469676643	0.0203952094456886	0.0270718074540475	0.0112287129135093	0	0.0243179073645177	0.717661030496962	0
BRCA1	0.753895508865563	0	0.0344658603407759	0.0507697984889027	0.0360904016041333	0	0.0541529461983028	0.0689660828965053	0.00165940160581738
Control	0.329059345423844	0.0617025649788897	0.0374928319965823	0.0504054385565839	0.0356721870720394	0	0.0340234538760439	0.451644178096016	0
Control	0.0816941156893584	0.0259002323070312	0.0339099377933555	0.0346122329590981	0.0248186087554559	0	0.0123203780106061	0.786744494485095	0
Control	0.462144786281113	0.0278707625054661	0.0435653094794696	0.0617141180207845	0.0510597335199976	0	0.0414299495431322	0.312215340650037	0
BRCA1	0.82452683071406	0	0.0292897709615542	0.0408976978746188	0.033472413690316	0	0.0319165380757659	0.0375262927184227	0.00237045596526256
Control	0.581434136018476	0.0271680230695533	0.0621106480250452	0.0774385670616193	0.0499769013977403	0	0.0640785639064938	0.131221827273911	0.00657133324716043
Control	0.997510983947662	0	0.000484623487859915	0.000592639333077912	0.000471164513507313	0	0.000476722454208222	0.000411157830427637	5.2708433256826e-05
Control	0.861373459946569	0	0.0250522953889166	0.0367270679057458	0.0291753453957132	0	0.0267959879717832	0.0143330410543206	0.00654280233695204
BRCA1	0.0666613470889915	0.0210186143739231	0.00173720561470685	0.00352608186729652	0	0	0.00624749057160731	0.900809260483475	0
Control	0.899973896528061	0	0.0172422858040516	0.0237514999440179	0.0205658345624893	0	0.0162094241135986	0.0209798688208875	0.00127719022689414
Control	0.232632430841419	0.0508332895680657	0.0302399127463852	0.0373101500867207	0.0243990477231967	0	0.0308977211854196	0.593687447848793	0
Control	0.13752047424323	0.0588218962574377	0.0351751155475698	0.0345410156751503	0.0235160979714331	0	0.0387459068702755	0.671679493434903	0
Control	0.220166890212076	0.0499796028446284	0.0332312287398891	0.0452354148770158	0.0286550881535176	0	0.0186989394242278	0.604032835748645	0
Control	0.50971060687416	0.0220506578656637	0.054549160403099	0.0709694550783026	0.0545449188796428	0	0.050794512531628	0.237380688367504	0
Control	1	0	0	0	0	0	0	0	0
Control	0.324119984218839	0.0493530882669218	0.0718455277520016	0.0699566849137322	0.0323435613797005	0	0.0657941290732832	0.386587024395522	0
Control	0.343838566912888	0.0563872555084558	0.0647356863023998	0.0761878786518938	0.0545349365214766	0	0.0653044783655262	0.33901119773736	0
Control	0.118450701556844	0.0292419301457798	0.00731442607122365	0.00257646040480953	0	0	0.0344879627231949	0.807928519098148	0
BRCA1	0.176141345581871	0.0444582848598406	0.019633227183782	0.0337952892574954	0.0184865158894155	0	0.0205371582488213	0.686948178978774	0
Control	0.643690983904838	0.0419867567646607	0.0486576902462346	0.0649647794161494	0.051409170232619	0	0.0449582505262223	0.099974440401412	0.00435792850786342
Control	0.182346644838539	0.0377257123361839	0.0303654024121553	0.0408042002701692	0.0247394996156417	0	0.0192434259253989	0.664775114601912	0
BRCA1	0.079548489753067	0.0250419294210943	0	0	0	0	0	0.895409580825839	0
Control	0.0659061315529596	0.0124564506852127	0	0	0	0	0	0.921637417761828	0
Control	0.84705625402828	0	0.018840509180573	0.03716585051502	0.0316651454616813	0	0.0293138239234009	0.0182746610753263	0.0176837558157185
Control	1	0	0	0	0	0	0	0	0
Control	1	0	0	0	0	0	0	0	0
Control	0.150011719471847	0.0327709110084341	0.0196040521077913	0.0207961441613473	0.0110390995031548	0	0.00372933982685689	0.762048733920569	0
Control	0.63922926903358	0.0307307225415967	0.0464601204052514	0.0681661539891254	0.0584292389167063	0	0.045787311272257	0.106176689181857	0.00502049465962668
Control	0.384901840909496	0.0618402813452027	0.0531641850973521	0.0718500320372293	0.0533198569721562	0	0.0566293880098667	0.318294415628697	0
Control	0.53696876786845	0.0363651681106198	0.0606675754466667	0.0844661792655601	0.0677476667561882	0	0.0611650418114017	0.152619600741113	0
Control	0.576336422795267	0.026938795451894	0.0501631940976665	0.0736726804257007	0.0546171220003303	0	0.0484701020163011	0.16980168321284	0
BRCA1	0.940523234317612	0	0.0100311024225271	0.0149462196936298	0.0127149153114964	0	0.0127489445290943	0.00424504640380559	0.00479053732183444
Control	0.374515488803333	0.0494311238806009	0.0542536856637498	0.0619119979222495	0.0459096722830891	0	0.0615817084330293	0.352396323013948	0
Control	0.85757277337304	0	0.0220566351353614	0.0319226607701795	0.0245326104423489	0	0.0276405491932408	0.0362747710858293	0
BRCA1	0.677668309751403	0	0.0616143489821798	0.0787349773884809	0.0726799478283945	0	0.0645575665492009	0.0319774370736952	0.0127674124266455
Control	0.516369449116792	0.0497961861469951	0.0596715148698212	0.0909836537396727	0.0689687192218806	0	0.065190455158087	0.147596519205693	0.0014235025410588
Control	0.623424961154931	0.0152963830041571	0.0494211135448432	0.0624584488038191	0.0471180043638924	0	0.0547981097728635	0.147482979355494	0
Control	0.298751597547522	0.0532311142691082	0.038108624537514	0.0488591210051775	0.036083217081234	0	0.0338602102928779	0.491106115266567	0
Control	0.346292863498454	0.0540759531151295	0.0481459113845964	0.0681248048487269	0.0436447527886448	0	0.0773511987802635	0.362364515584185	0
Control	0.336527142268488	0.0168543917662884	0.0354270324429521	0.0892562573416365	0.0792491736394469	0	0.152910291404781	0.288670676402587	0.0011050347338199
Control	0.27879402180112	0.0468881749132733	0.0255224977934764	0.0423069141563117	0.0256154592735458	0	0.0521180787493441	0.528754853312928	0
Control	0.459697098304125	0.0460540789601226	0.0461617748664922	0.0738224142992575	0.0507769800262447	0	0.0649017893214821	0.258585864222276	0
BRCA1	0.686523487861738	0	0.0346836504088314	0.0619071596195059	0.0419586442760463	0	0.050493966658075	0.124433091175804	0
Control	0.396620386604188	0.0556913119842678	0.0371964221014092	0.0594336766197367	0.051240329022372	0	0.0424455741564335	0.357372299511593	0
Control	0.814886829205975	0	0.0322286291182274	0.0452652918305183	0.0364557185591757	0	0.0328234639164153	0.0327818341776855	0.00555823319200247
Control	0.320004927273448	0.0249302146015085	0.0388624778089345	0.0486755726527486	0.0358038751986259	0	0.0425282424862335	0.489194689978501	0
Control	0.19787232958871	0.0455605328909383	0.0244733903335579	0.0341133080459836	0.0204450374245318	0	0.0335162713362448	0.644019130380034	0
Control	0.997706495271641	0	0.00041897796409031	0.000560556390390422	0.000438579449417857	0	0.000426575409610859	0.00033563065566642	0.000113184859183128
